# For best results, set tab to 4 spaces #

Q1:	1)	 1.718333 
	2)	 0.1149572 
	3)	 12 
	4)	 4 
	5)	 1.55 	FALSE
		 1.92 	FALSE
		 1.6 	FALSE
		 1.75 	FALSE
		 1.58 	FALSE
		 1.67 	TRUE
		 1.63 	TRUE
		 1.82 	FALSE
		 1.76 	FALSE
		 1.77 	FALSE
		 1.72 	TRUE
		 1.85 	FALSE
		 
Q2:	1)	 -4.057578 
	2)	 3.837505 
	3)	 3 4 
	4)	 -1.052443 -0.9222972 

Q3:	1)		"glucose"  	"velocity"
		 "1"  	15.3  	1.76
		 "13"  	19  	1.95
		 
Q4:	1)	 81 29 14 40 63 16 27 38 73 43 23 39 28 68 2 

Q5:	1)	 199 199 199 390 390 390 199 199 390 199 199 199 390 199 148 199 390 390 199 199 390 199 390 199 390 199 199 390 390 199 199 199 199 390 390 199 199 148 199 199 390 199 390 148 199 199 199 148 199 199 390 148 199 199 199 390 148 390 390 148 390 199 148 390 199 390 199 199 199 199 199 390 199 199 390 199 390 199 199 199 199 199 390 199 199 390 390 148 199 390 199 148 199 199 148 148 199 199 199 148 199 199 390 199 390 199 390 148 199 148 148 390 199 199 199 148 148 199 199 199 148 199 148 390 199 390 390 148 390 199 390 148 199 148 148 390 199 199 148 199 390 148 148 199 199 199 199 148 199 390 148 199 148 199 199 199 148 390 148 390 199 199 199 199 199 199 199 199 390 199 199 199 199 199 390 199 199 199 148 390 148 199 199 390 199 390 199 148 148 390 199 199 199 199 199 390 148 390 148 390 199 199 390 199 199 199 148 390 148 390 390 199 390 199 148 199 390 199 199 199 390 199 390 199 199 148 148 390 199 390 199 199 199 199 148 199 199 199 390 390 199 390 199 390 199 148 390 199 199 199 199 199 199 390 390 199 390 390 199 199 199 390 390 199 199 199 199 199 148 199 148 390 199 390 390 199 199 199 199 199 199 199 199 390 199 390 148 148 148 199 199 199 199 390 390 390 148 390 199 390 148 199 199 199 199 390 148 199 148 390 199 199 390 390 199 199 199 199 199 390 199 390 390 199 199 390 390 148 199 199 390 199 199 148 199 148 199 199 390 390 148 199 199 199 148 148 199 148 148 199 390 390 390 390 390 148 199 390 390 199 199 390 148 390 199 390 199 148 390 390 199 148 199 148 199 390 390 199 390 390 390 148 199 390 199 148 390 199 390 199 199 390 148 148 148 148 390 148 199 148 199 199 390 199 148 199 199 148 199 390 390 390 390 199 390 199 390 199 148 148 390 390 148 390 199 199 199 199 199 199 199 148 390 148 199 199 390 390 199 390 199 199 390 199 390 199 148 148 390 199 148 148 390 199 199 390 390 199 199 148 390 199 390 199 148 199 199 390 390 148 199 148 148 390 199 390 390 390 199 390 199 199 390 199 199 199 148 199 199 199 148 390 199 199 148 390 390 199 390 148 199 199 199 148 199 390 390 148 148 199 390 199 390 199 390 390 390 199 148 148 390 390 390 199 199 199 390 199 199 199 148 390 390 199 148 148 199 199 390 390 199 199 390 390 148 199 199 199 148 199 148 199 199 199 199 390 148 199 390 199 148 199 199 199 199 390 199 199 390 199 199 199 390 148 199 390 390 148 148 390 390 199 199 199 199 199 390 199 390 148 199 199 199 199 199 148 390 148 199 199 199 199 199 390 148 390 199 148 199 199 199 199 199 199 148 390 390 199 148 390 199 390 390 199 199 390 390 148 148 148 390 390 199 199 199 199 390 390 390 199 390 199 199 199 199 390 390 390 199 148 199 390 148 199 148 199 148 199 199 148 390 199 390 199 199 390 199 390 199 148 199 390 390 199 390 390 390 199 199 199 390 390 199 148 390 199 199 390 390 199 390 390 199 199 199 199 199 199 199 148 390 390 199 148 199 199 199 390 390 199 199 390 390 148 148 199 390 148 199 199 199 199 199 199 148 199 148 390 390 148 390 390 199 148 199 390 390 148 199 390 390 390 390 390 148 199 199 390 148 199 199 199 390 199 199 199 390 390 390 199 199 199 199 199 199 199 199 390 390 199 199 390 199 199 199 199 390 199 390 390 390 390 199 148 390 199 148 390 199 390 390 390 199 199 199 199 199 199 199 199 390 390 199 390 148 148 199 
	2)	 144 256 407 148 259 400 165 241 401 158 247 402 151 248 408 166 238 403 138 264 405 183 213 411 152 251 404 156 235 416 167 253 387 157 267 383 184 245 378 160 224 423 159 241 407 155 255 397 172 203 432 149 276 382 141 263 403 153 241 413 160 269 378 153 210 444 154 246 407 164 259 384 164 234 409 167 217 423 155 230 422 156 224 427 185 218 404 157 234 416 162 256 389 163 215 429 167 235 405 189 217 401 148 236 423 168 243 396 171 249 387 170 248 389 144 238 425 163 260 384 170 251 386 141 239 427 164 214 429 166 225 416 160 256 391 161 269 377 146 240 421 147 236 424 151 253 403 169 255 383 182 231 394 159 240 408 150 257 400 179 211 417 190 227 390 152 230 425 161 229 417 160 254 393 168 241 398 178 240 389 172 218 417 158 249 400 154 230 423 164 286 357 152 249 406 161 239 407 158 238 411 171 229 407 167 249 391 156 232 419 162 250 395 150 274 383 156 239 412 159 247 401 173 235 399 173 227 407 177 246 384 153 254 400 178 245 384 169 235 403 160 261 386 163 232 412 164 255 388 166 253 388 170 213 424 176 223 408 161 236 410 200 226 381 168 246 393 166 259 382 147 260 400 166 247 394 151 257 399 142 276 389 174 246 387 175 255 377 166 236 405 175 229 403 169 261 377 152 238 417 171 235 401 170 240 397 160 231 416 162 254 391 152 231 424 140 251 416 146 253 408 160 238 409 158 248 401 163 231 413 159 245 403 166 241 400 151 260 396 160 254 393 161 228 418 148 258 401 157 221 429 162 250 395 151 226 430 157 254 396 153 233 421 164 237 406 158 231 418 175 217 415 160 241 406 155 243 409 174 228 405 167 247 393 167 220 420 160 236 411 157 226 424 179 234 394 157 242 408 157 251 399 192 244 371 153 222 432 149 236 422 165 233 409 159 233 415 166 229 412 160 227 420 151 246 410 161 223 423 171 222 414 176 231 400 173 218 416 143 249 415 164 241 402 171 251 385 148 287 372 167 240 400 152 215 440 177 222 408 149 236 422 156 220 431 137 256 414 157 261 389 160 243 404 160 249 398 166 266 375 141 263 403 150 254 403 164 221 422 179 231 397 183 223 401 158 248 401 155 263 389 186 229 392 193 216 398 166 239 402 151 251 405 151 237 419 167 268 372 162 248 397 145 253 409 167 241 399 173 230 404 165 239 403 159 243 405 156 267 384 169 228 410 187 257 363 148 265 394 171 232 404 164 262 381 168 225 414 156 241 410 146 236 425 160 224 423 159 273 375 156 232 419 176 223 408 152 243 412 160 251 396 180 234 393 163 235 409 165 223 419 160 246 401 177 224 406 155 247 405 152 255 400 163 229 415 167 224 416 150 235 422 157 242 408 161 234 412 162 236 409 166 236 405 155 220 432 163 254 390 149 261 397 169 253 385 165 253 389 182 244 381 165 240 402 162 237 408 160 237 410 176 243 388 163 244 400 147 234 426 147 246 414 170 223 414 141 256 410 172 222 413 159 235 413 138 248 421 187 253 367 139 226 442 162 256 389 158 266 383 182 225 400 159 234 414 163 243 401 172 227 408 153 251 403 163 244 400 176 254 377 164 250 393 158 243 406 159 243 405 159 239 409 173 217 417 173 237 397 159 256 392 139 235 433 146 231 430 167 238 402 180 242 385 172 240 395 151 248 408 188 210 409 170 242 395 166 229 412 169 245 393 183 229 395 164 260 383 159 266 382 180 248 379 177 229 401 169 218 420 148 249 410 183 214 410 157 236 414 154 249 404 168 241 398 173 220 414 154 240 413 168 236 403 167 232 408