# For best results, set tab to 4 spaces #

Q1:	1)	 1.718333 
	2)	 0.1149572 
	3)	 12 
	4)	 4 
	5)	 1.55 	FALSE
		 1.92 	FALSE
		 1.6 	FALSE
		 1.75 	FALSE
		 1.58 	FALSE
		 1.67 	TRUE
		 1.63 	TRUE
		 1.82 	FALSE
		 1.76 	FALSE
		 1.77 	FALSE
		 1.72 	TRUE
		 1.85 	FALSE
		 
Q2:	1)	 -2.957694 
	2)	 -0.06041403 
	3)	 3 4 
	4)	 -0.8623351 -0.5632861 0.03007258 

Q3:	1)		"glucose"  	"velocity"
		 "1"  	15.3  	1.76
		 "13"  	19  	1.95
		 
Q4:	1)	 78 20 71 23 19 54 49 30 5 61 11 56 0 15 18 

Q5:	1)	 372 868 868 868 868 372 372 868 751 751 372 372 372 868 751 868 751 372 372 751 372 372 372 372 372 751 372 372 372 372 751 868 751 372 372 372 868 372 372 751 868 751 868 372 372 372 372 372 868 751 372 372 751 868 372 751 751 372 372 751 751 372 751 372 372 751 751 868 751 372 751 868 751 372 372 751 868 751 372 372 372 868 751 372 751 751 868 868 751 372 751 372 372 751 372 868 372 372 372 868 372 868 372 868 868 868 372 751 751 372 751 868 868 372 372 751 372 372 868 868 868 372 751 868 372 868 372 372 372 751 751 751 868 751 372 372 372 868 372 372 372 751 372 868 868 372 372 372 751 372 751 751 372 372 372 751 372 751 372 868 372 751 868 372 372 372 751 868 751 372 372 372 751 372 372 751 372 372 372 372 372 372 372 751 372 372 751 372 751 372 751 868 868 868 751 372 868 751 751 372 868 751 751 372 751 751 868 372 372 372 372 372 372 372 372 751 372 868 751 372 868 751 868 751 868 751 372 372 372 372 372 751 372 751 372 751 372 372 372 372 751 372 751 751 868 751 372 372 751 751 372 372 372 372 372 868 372 372 751 372 868 372 372 751 372 372 372 751 372 372 868 372 372 751 372 372 868 372 868 868 751 372 372 372 372 372 751 372 868 751 372 751 372 372 372 751 372 372 372 751 372 751 372 372 372 372 372 372 751 751 372 751 372 372 372 868 372 868 868 751 751 868 751 372 372 751 751 372 372 751 372 372 868 372 372 372 372 868 372 372 372 751 868 372 868 868 372 751 372 372 372 372 372 372 372 372 868 751 372 372 751 751 372 372 868 868 868 751 751 868 372 372 868 751 372 372 372 868 372 372 868 372 372 372 751 751 868 868 751 751 372 751 372 372 372 372 372 372 751 868 751 751 751 372 372 751 868 868 751 751 372 751 372 372 751 751 372 372 372 868 751 868 868 751 868 372 372 372 868 751 372 868 751 868 372 751 372 868 372 751 372 372 372 751 868 372 372 372 751 868 751 372 372 372 751 868 372 372 372 868 372 868 372 751 372 372 372 751 372 372 372 372 751 751 372 751 372 868 372 372 372 868 372 372 751 751 372 751 372 372 372 751 372 751 868 751 751 372 751 372 751 372 751 751 372 372 751 868 868 372 372 372 751 372 868 372 372 372 868 751 372 751 751 372 372 751 372 372 372 751 751 372 751 751 751 372 751 751 751 372 372 751 372 868 868 751 372 372 751 751 372 372 751 751 751 372 868 372 751 372 751 868 372 372 868 372 372 372 751 868 868 372 751 372 372 372 751 372 372 751 372 372 751 751 751 751 751 751 751 868 372 751 372 868 751 751 372 372 372 751 372 372 372 372 751 751 751 372 751 868 868 868 372 751 372 372 868 372 868 372 868 372 372 868 372 372 372 868 372 751 868 372 751 868 751 751 751 751 751 372 868 372 868 868 372 751 751 372 372 372 372 372 751 751 868 372 751 372 372 372 751 751 372 751 372 372 372 372 868 372 372 372 372 868 372 372 372 372 868 372 372 751 868 372 751 751 868 372 751 372 868 372 372 868 372 868 372 372 372 751 751 372 868 372 372 372 751 751 372 372 868 372 751 372 372 868 751 372 372 372 372 868 868 372 868 868 372 868 751 372 372 372 372 751 751 372 751 751 868 372 372 751 372 372 372 372 751 751 372 751 751 372 372 868 751 372 372 868 751 751 372 372 751 751 372 751 868 372 868 372 751 372 868 372 372 751 751 751 868 868 868 751 372 868 751 751 372 372 751 372 751 868 372 372 372 868 751 751 868 868 868 372 372 751 868 372 751 372 372 868 372 751 751 372 372 751 372 372 372 751 868 868 751 751 751 751 372 868 372 868 372 372 372 372 372 372 372 372 868 372 372 868 372 868 868 372 868 372 868 372 868 868 868 372 372 751 751 372 372 751 751 372 868 372 372 372 372 372 751 372 868 751 372 751 372 372 868 372 868 751 751 372 868 751 868 868 372 751 372 372 372 751 751 372 372 751 372 868 751 372 868 372 
	2)	 177 269 456 170 297 435 169 282 451 175 266 461 183 260 459 182 252 468 178 278 446 193 270 439 189 248 465 184 284 434 185 268 449 152 281 469 200 261 441 183 263 456 174 269 459 195 251 456 188 280 434 176 267 459 167 275 460 157 257 488 190 273 439 196 278 428 192 290 420 177 252 473 167 258 477 166 269 467 182 261 459 183 294 425 205 267 430 186 268 448 182 270 450 171 277 454 191 265 446 190 252 460 180 255 467 195 261 446 182 284 436 160 265 477 183 266 453 175 286 441 174 270 458 176 279 447 155 269 478 171 252 479 163 287 452 207 257 438 168 280 454 197 263 442 172 250 480 184 263 455 183 276 443 179 262 461 186 261 455 174 280 448 204 267 431 173 282 447 170 303 429 176 290 436 175 260 467 187 260 455 168 250 484 190 255 457 187 252 463 172 285 445 185 278 439 194 265 443 156 276 470 192 274 436 178 258 466 162 272 468 188 239 475 175 252 475 187 274 441 177 288 437 187 268 447 199 288 415 174 264 464 163 288 451 182 255 465 182 267 453 176 282 444 174 274 454 190 291 421 188 273 441 195 278 429 157 303 442 185 270 447 184 273 445 198 267 437 169 275 458 191 275 436 172 277 453 182 259 461 192 276 434 201 268 433 207 247 448 172 264 466 177 268 457 181 257 464 180 291 431 185 275 442 185 255 462 183 262 457 157 278 467 199 277 426 178 307 417 190 257 455 174 269 459 175 266 461 206 244 452 190 233 479 160 284 458 188 261 453 181 277 444 194 259 449 156 279 467 181 276 445 177 286 439 183 287 432 193 270 439 160 251 491 198 246 458 181 272 449 162 260 480 194 263 445 189 274 439 196 255 451 174 276 452 192 260 450 174 276 452 200 265 437 184 271 447 179 252 471 183 277 442 196 247 459 163 296 443 166 284 452 182 265 455 192 260 450 183 257 462 170 263 469 159 282 461 180 269 453 168 271 463 185 260 457 174 265 463 188 278 436 193 274 435 202 273 427 165 272 465 181 257 464 199 256 447 200 250 452 181 268 453 160 287 455 162 281 459 184 271 447 171 262 469 164 273 465 205 254 443 167 264 471 192 262 448 207 257 438 178 261 463 171 281 450 181 260 461 180 260 462 180 257 465 180 283 439 177 285 440 181 293 428 171 276 455 179 257 466 179 272 451 175 281 446 189 281 432 183 260 459 170 282 450 165 263 474 187 248 467 204 248 450 197 240 465 187 264 451 173 274 455 180 267 455 165 270 467 166 279 457 171 273 458 175 249 478 168 276 458 181 266 455 189 261 452 174 265 463 177 257 468 174 280 448 190 256 456 192 247 463 171 270 461 201 259 442 183 282 437 190 270 442 193 271 438 188 288 426 181 262 459 181 265 456 189 262 451 209 250 443 169 269 464 169 276 457 158 285 459 171 282 449 165 265 472 179 250 473 183 243 476 175 273 454 155 273 474 177 269 456 196 248 458 165 288 449 174 264 464 201 250 451 191 258 453 177 268 457 183 260 459 175 275 452 189 276 437 193 235 474 197 268 437 180 256 466 172 277 453 160 284 458 180 266 456 159 270 473 179 260 463 178 280 444 173 244 485 183 280 439 175 262 465 194 266 442 165 276 461 180 286 436 140 268 494 178 286 438 175 285 442 176 265 461 182 273 447 206 250 446 179 267 456 181 261 460 199 283 420 178 263 461 176 266 460 185 259 458 190 281 431 160 302 440 187 256 459 178 302 422 206 263 433 177 277 448 183 270 449 145 277 480 183 271 448 191 241 470 181 258 463 180 254 468 157 260 485 183 276 443 186 260 456 207 269 426 163 267 472 195 263 444 173 269 460 181 272 449 176 254 472 185 256 461 188 269 445 183 268 451 190 271 441 178 245 479 169 262 471 207 249 446 187 266 449 180 273 449 201 263 438 164 286 452 170 284 448 178 265 459 172 259 471 163 278 461 166 276 460 177 297 428 162 278 462 197 260 445 177 233 492 183 294 425 198 269 435 167 294 441 181 279 442 178 279 445 185 236 481